Solving grid...
§A (1, 27)
§T []
§A (3, 14)
§T [(5, 14), (3, 1), (7, 19), (6, 1), (15, 14), (9, 13)]
§A (3, 32)
§T []
§A (8, 4)
§T []
§A (9, 11)
§T [(17, 13), (5, 8), (12, 5), (15, 29)]
§A (9, 18)
§T [(19, 27), (7, 7), (13, 26), (19, 14), (3, 18), (8, 29), (4, 4), (9, 29), (13, 29), (6, 30)]
§A (13, 2)
§T [(2, 30), (5, 23)]
§A (17, 19)
§T [(3, 11), (13, 11)]
§A (17, 24)
§T [(19, 29), (19, 5), (11, 20), (17, 20), (16, 30), (15, 15)]
§A (19, 25)
§T [(11, 11), (15, 7), (5, 11), (15, 2), (1, 33), (1, 16), (18, 4), (19, 16), (16, 1), (15, 32)]
model result:552.0